i.data, BY, AGE, R, i, m, d, d.rate, i.rate, m.rate, N, S.i, S.m, I, M, I.est, M.est, D
1, 1979, 1, 67780, 0, 0, 0.995218135771064, 0.995218135771064, 0, 0, 67780, 0, 0, 0, 0, 0, 0, 67455.8852425627
1, 1979, 2, 67780, 0.000332923347455494, 0.0051121052335622, 0.640661040785006, 0.640661040785006, 0.000332923347455494, 0.0051121052335622, 324.114757437288, 0.0215810740011495, 1.65635712416317, 0.107905370005747, 1.65635712416317, 0.107905370005747, 1.65635712416317, 206.517403587821
1, 1979, 3, 67780, 0.112807008303091, 0.164705614981731, 0.428598511885872, 0.428598511885872, 0.112807008303091, 0.164705614981731, 115.833091355299, 2.61335689965797, 16.9261877702849, 13.0667844982899, 16.9261877702849, 13.0667844982899, 16.9261877702849, 36.7909473006759
1, 1979, 4, 67780, 0.550246393202987, 0.948896315421268, 0.3600843267366, 0.3600843267366, 0.550246393202987, 0.948896315421268, 49.049171786048, 5.39782597297332, 20.9326924970477, 26.9891298648666, 20.9326924970477, 26.9891298648666, 20.9326924970477, 0.405940858386062
1, 1979, 5, 67780, 0.165812928134439, 1, NA, NA, 0.165812928134439, 1, 0.721408565747596, 0.023923773333575, 0.601789699079721, 0.119618866667875, 0.601789699079721, 0.119618866667875, 0.601789699079721, NA
1, 1980, 1, 67780, 0, 0, 0.994147148399322, 0.994147148399322, 0, 0, 67780, 0, 0, 0, 0, 0, 0, 67383.293718506
1, 1980, 2, 67780, 0.000308407187467163, 0.0121953094441641, 0.428598511885872, 0.428598511885872, 0.000308407187467163, 0.0121953094441641, 396.706281493956, 0.0244694137052215, 4.83646380090221, 0.122347068526108, 4.83646380090221, 0.122347068526108, 4.83646380090221, 167.902382944727
1, 1980, 3, 67780, 0.266496157597592, 0.35005578819241, 0.3600843267366, 0.3600843267366, 0.266496157597592, 0.35005578819241, 223.845087679801, 11.9307711527526, 57.4760911026514, 59.653855763763, 57.4760911026514, 59.653855763763, 57.4760911026514, 38.4264496323897
1, 1980, 4, 67780, 0.165812928134439, 0.948896315421268, 0.361072357144815, 0.361072357144815, 0.165812928134439, 0.948896315421268, 68.2886911809968, 2.2646295686379, 54.0543941792158, 11.3231478431895, 54.0543941792158, 11.3231478431895, 54.0543941792158, 1.05113548869274
1, 1980, 5, 67780, 0.54315471484706, 1, NA, NA, 0.54315471484706, 1, 1.86001366989865, 0.202055038897087, 0.849738475413217, 1.01027519448544, 0.849738475413217, 1.01027519448544, 0.849738475413217, NA
1, 1981, 1, 67780, 0, 0, 0.939861245651321, 0.939861245651321, 0, 0, 67780, 0, 0, 0, 0, 0, 0, 63703.7952302465
1, 1981, 2, 67780, 0.000798368249998793, 0.0184463832228995, 0.3600843267366, 0.3600843267366, 0.000798368249998793, 0.0184463832228995, 4076.20476975347, 0.650862493732961, 75.1312049829592, 3.25431246866481, 75.1312049829592, 3.25431246866481, 75.1312049829592, 1439.55205387973
1, 1981, 3, 67780, 0.0679028871617171, 0.479929112728195, 0.361072357144815, 0.361072357144815, 0.0679028871617171, 0.479929112728195, 2558.26719842212, 34.7427457807958, 1144.41663087878, 173.713728903979, 1144.41663087878, 173.713728903979, 1144.41663087878, 447.779131509632
1, 1981, 4, 67780, 0.54315471484706, 0.948896315421268, 0.330800332724195, 0.330800332724195, 0.54315471484706, 0.948896315421268, 792.357707129726, 86.0745648945833, 343.486121391247, 430.372824472917, 343.486121391247, 430.372824472917, 343.486121391247, 6.11939638163366
1, 1981, 5, 67780, 0.268522799608578, 1, NA, NA, 0.268522799608578, 1, 12.3793648839292, 0.66482834320176, 9.05522316792045, 3.3241417160088, 9.05522316792045, 3.3241417160088, 9.05522316792045, NA
1, 1982, 1, 67780, 0, 0, 0.893785251736156, 0.893785251736156, 0, 0, 67780, 0, 0, 0, 0, 0, 0, 60580.7643626767
1, 1982, 2, 67780, 0.000181197619748885, 0.00594603976843877, 0.361072357144815, 0.361072357144815, 0.000181197619748885, 0.00594603976843877, 7199.23563732335, 0.260896872298868, 42.7991848859955, 1.30448436149434, 42.7991848859955, 1.30448436149434, 42.7991848859955, 2583.52036539537
1, 1982, 3, 67780, 0.262031691166173, 0.188943314945336, 0.330800332724195, 0.330800332724195, 0.262031691166173, 0.188943314945336, 4571.61160268049, 239.581423921053, 637.438908678174, 1197.90711960527, 637.438908678174, 1197.90711960527, 637.438908678174, 905.157562432304
1, 1982, 4, 67780, 0.268522799608578, 0.948896315421268, 0.302489465753857, 0.302489465753857, 0.268522799608578, 0.948896315421268, 1831.10801196474, 98.3388499516941, 1270.96478378207, 491.694249758471, 1270.96478378207, 491.694249758471, 1270.96478378207, 20.7050949149342
1, 1982, 5, 67780, 0.144666698273007, 1, NA, NA, 0.144666698273007, 1, 47.7438835092681, 1.38138999800338, 40.8369335192512, 6.90694999001688, 40.8369335192512, 6.90694999001688, 40.8369335192512, NA
1, 1983, 1, 67780, 0, 0, 0.894606422185364, 0.894606422185364, 0, 0, 67780, 0, 0, 0, 0, 0, 0, 60636.423295724
1, 1983, 2, 67780, 0.00078274292623115, 0.00430596029934838, 0.330800332724195, 0.330800332724195, 0.00078274292623115, 0.00430596029934838, 7143.57670427603, 1.11831682665234, 30.7358805446742, 5.59158413326169, 30.7358805446742, 5.59158413326169, 30.7358805446742, 2351.08041321283
1, 1983, 3, 67780, 0.114214064063873, 0.140607463251634, 0.302489465753857, 0.302489465753857, 0.114214064063873, 0.140607463251634, 4756.16882638526, 108.644274207072, 592.371854509176, 543.221371035362, 592.371854509176, 543.221371035362, 592.371854509176, 1095.18597921976
1, 1983, 4, 67780, 0.144666698273007, 0.948896315421268, 0.57955039100955, 0.57955039100955, 0.144666698273007, 0.948896315421268, 2525.38962162096, 73.0679556825646, 2049.66333734649, 365.339778412823, 2049.66333734649, 365.339778412823, 2049.66333734649, 63.9745426342963
1, 1983, 5, 67780, 0.205810941170267, 1, NA, NA, 0.205810941170267, 1, 46.4119632273521, 1.91041796667623, 36.8598733939709, 9.55208983338116, 36.8598733939709, 9.55208983338116, 36.8598733939709, NA
1, 1984, 1, 67780, 0, 0, 0.867017775331091, 0.867017775331091, 0, 0, 67780, 0, 0, 0, 0, 0, 0, 58766.4648119413
1, 1984, 2, 67780, 0.000312496277048324, 0.0125457793054863, 0.302489465753857, 0.302489465753857, 0.000312496277048324, 0.0125457793054863, 9013.53518805865, 0.563339237862479, 113.046485582857, 2.81669618931239, 113.046485582857, 2.81669618931239, 113.046485582857, 2691.45205163465
1, 1984, 3, 67780, 0.0588085803718659, 0.358104384372718, 0.57955039100955, 0.57955039100955, 0.0588085803718659, 0.358104384372718, 6206.21995465183, 72.9957970017241, 2091.77400140678, 364.97898500862, 2091.77400140678, 364.97898500862, 2091.77400140678, 2173.00504751882
1, 1984, 4, 67780, 0.205810941170267, 0.948896315421268, 0.319743408199062, 0.319743408199062, 0.205810941170267, 0.948896315421268, 1576.46192071762, 64.8906223243959, 1188.02654582582, 324.453111621979, 1188.02654582582, 324.453111621979, 1188.02654582582, 20.4579069221811
1, 1984, 5, 67780, 0.138022616030134, 1, NA, NA, 0.138022616030134, 1, 43.5243563476363, 1.20146910482571, 37.5170108235078, 6.00734552412853, 37.5170108235078, 6.00734552412853, 37.5170108235078, NA
1, 1985, 1, 67780, 0, 0, 0.836250514402097, 0.836250514402097, 0, 0, 67780, 0, 0, 0, 0, 0, 0, 56681.0598661741
1, 1985, 2, 67780, 0.000156179842651483, 0.00920268866310625, 0.57955039100955, 0.57955039100955, 0.000156179842651483, 0.00920268866310625, 11098.9401338259, 0.346686144739831, 102.124138318785, 1.73343072369915, 102.124138318785, 1.73343072369915, 102.124138318785, 6372.2043996025
1, 1985, 3, 67780, 0.0854985867775956, 0.27721744956105, 0.319743408199062, 0.319743408199062, 0.0854985867775956, 0.27721744956105, 4622.87816518089, 79.049909993594, 1171.97242240064, 395.24954996797, 1171.97242240064, 395.24954996797, 1171.97242240064, 977.025925374369
1, 1985, 4, 67780, 0.138022616030134, 0.948896315421268, 0.738294568304261, 0.738294568304261, 0.138022616030134, 0.948896315421268, 2078.63026743791, 57.3795974542395, 1700.16815887154, 286.897987271198, 1700.16815887154, 286.897987271198, 1700.16815887154, 67.6012934037781
1, 1985, 5, 67780, 0.134230720061338, 1, NA, NA, 0.134230720061338, 1, 23.962827891394, 0.643309528513546, 20.7462802488263, 3.21654764256773, 20.7462802488263, 3.21654764256773, 20.7462802488263, NA
1, 1986, 1, 67780, 0, 0, 0.987118277959303, 0.987118277959303, 0, 0, 67780, 0, 0, 0, 0, 0, 0, 66906.8768800816
1, 1986, 2, 67780, 0.000230301010401224, 0.0151868247383129, 0.319743408199062, 0.319743408199062, 0.000230301010401224, 0.0151868247383129, 873.12311991844, 0.0402162273443772, 13.2569140131887, 0.201081136721886, 13.2569140131887, 0.201081136721886, 13.2569140131887, 274.872256903362
1, 1986, 3, 67780, 0.0559796369813155, 0.415719153835346, 0.738294568304261, 0.738294568304261, 0.0559796369813155, 0.415719153835346, 584.792867865168, 6.5472984904709, 229.500409256023, 32.7364924523545, 229.500409256023, 32.7364924523545, 229.500409256023, 238.141317787692
1, 1986, 4, 67780, 0.134230720061338, 0.948896315421268, 0.659277698535569, 0.659277698535569, 0.134230720061338, 0.948896315421268, 84.4146483690991, 2.26620780686176, 69.3487676154699, 11.3310390343088, 69.3487676154699, 11.3310390343088, 69.3487676154699, 2.46229785310818
1, 1986, 5, 67780, 0.286456106012595, 1, NA, NA, 0.286456106012595, 1, 1.27254386621222, 0.072905592129073, 0.908015905566854, 0.364527960645365, 0.908015905566854, 0.364527960645365, 0.908015905566854, NA
1, 1987, 1, 67780, 0, 0, 0.855608579972092, 0.855608579972092, 0, 0, 67780, 0, 0, 0, 0, 0, 0, 57993.1495505084
1, 1987, 2, 67780, 0.00014844677283643, 0.0197965194623336, 0.738294568304261, 0.738294568304261, 0.00014844677283643, 0.0197965194623336, 9786.8504494916, 0.290565273091958, 193.71681449289, 1.45282636545979, 193.71681449289, 1.45282636545979, 193.71681449289, 7081.48584192215
1, 1987, 3, 67780, 0.0543710879939396, 0.504468407749902, 0.659277698535569, 0.659277698535569, 0.0543710879939396, 0.504468407749902, 2510.1949667111, 27.2964062833987, 1197.46318492316, 136.482031416993, 1197.46318492316, 136.482031416993, 1197.46318492316, 775.475228327592
1, 1987, 4, 67780, 0.286456106012595, 0.948896315421268, 0.658386192373351, 0.658386192373351, 0.286456106012595, 0.948896315421268, 400.77452204335, 22.9608617947194, 271.356081502124, 114.804308973597, 271.356081502124, 114.804308973597, 271.356081502124, 9.62174243765474
1, 1987, 5, 67780, 0.336298210580261, 1, NA, NA, 0.336298210580261, 1, 4.9923891299747, 0.335786306186168, 3.31345759904386, 1.67893153093084, 3.31345759904386, 1.67893153093084, 3.31345759904386, NA
1, 1988, 1, 67780, 0, 0, 0.998809404450233, 0.998809404450233, 0, 0, 67780, 0, 0, 0, 0, 0, 0, 67699.3014336368
1, 1988, 2, 67780, 0.000144060018469783, 0.00435107414195235, 0.659277698535569, 0.659277698535569, 0.000144060018469783, 0.00435107414195235, 80.6985663632076, 0.00232508739215374, 0.35107486225743, 0.0116254369607687, 0.35107486225743, 0.0116254369607687, 0.35107486225743, 52.9636448885287
1, 1988, 3, 67780, 0.122701069611324, 0.14197371370519, 0.658386192373351, 0.658386192373351, 0.122701069611324, 0.14197371370519, 27.3722211754608, 0.671720163173354, 3.40930286195812, 3.35860081586677, 3.40930286195812, 3.35860081586677, 3.40930286195812, 13.5655981437201
1, 1988, 4, 67780, 0.336298210580261, 0.948896315421268, 0.627080346162871, 0.627080346162871, 0.336298210580261, 0.948896315421268, 7.03871935391578, 0.473421744699705, 4.43287411428576, 2.36710872349853, 4.43287411428576, 2.36710872349853, 4.43287411428576, 0.149706977177456
1, 1988, 5, 67780, 0.337623042254616, 1, NA, NA, 0.337623042254616, 1, 0.0890295389540393, 0.00601168475843772, 0.0589711151618507, 0.0300584237921886, 0.0589711151618507, 0.0300584237921886, 0.0589711151618507, NA
1, 1989, 1, 67780, 0, 0, 0.995519556469141, 0.995519556469141, 0, 0, 67780, 0, 0, 0, 0, 0, 0, 67476.3155374784
1, 1989, 2, 67780, 0.000337298873444358, 0.00582860856742029, 0.658386192373351, 0.658386192373351, 0.000337298873444358, 0.00582860856742029, 303.684462521618, 0.0204864854182194, 1.7694608215238, 0.102432427091097, 1.7694608215238, 0.102432427091097, 1.7694608215238, 198.709228294071
1, 1989, 3, 67780, 0.146997585479351, 0.185572067940783, 0.627080346162871, 0.627080346162871, 0.146997585479351, 0.185572067940783, 103.103340978932, 3.03118843575146, 16.3205806653612, 15.1559421787573, 16.3205806653612, 15.1559421787573, 16.3205806653612, 44.9157699105241
1, 1989, 4, 67780, 0.337623042254616, 0.948896315421268, 0.625823846452826, 0.625823846452826, 0.337623042254616, 0.948896315421268, 26.7110482242898, 1.8036530726589, 16.788616466347, 9.01826536329447, 16.788616466347, 9.01826536329447, 16.788616466347, 0.565848890932183
1, 1989, 5, 67780, 0.249711833135133, 1, NA, NA, 0.249711833135133, 1, 0.338317503716117, 0.0168963768069308, 0.253835619681463, 0.0844818840346538, 0.253835619681463, 0.0844818840346538, 0.253835619681463, NA
1, 1990, 1, 67780, 0, 0, 0.995460362134244, 0.995460362134244, 0, 0, 67780, 0, 0, 0, 0, 0, 0, 67472.3033454591
1, 1990, 2, 67780, 0.000409649487233432, 0.00860542094031413, 0.627080346162871, 0.627080346162871, 0.000409649487233432, 0.00860542094031413, 307.696654540938, 0.0252095553512275, 2.64677454007361, 0.126047776756138, 2.64677454007361, 0.126047776756138, 2.64677454007361, 191.211742264403
1, 1990, 3, 67780, 0.147658400118104, 0.261759400141349, 0.625823846452826, 0.625823846452826, 0.147658400118104, 0.261759400141349, 113.712089959705, 3.3581090555072, 25.3701253967776, 16.790545277536, 25.3701253967776, 16.790545277536, 25.3701253967776, 44.7785844363427
1, 1990, 4, 67780, 0.249711833135133, 0.948896315421268, 0.312075809794695, 0.312075809794695, 0.249711833135133, 0.948896315421268, 26.7728348490489, 1.33709873367604, 19.0608040329465, 6.68549366838018, 19.0608040329465, 6.68549366838018, 19.0608040329465, 0.320357411659764
1, 1990, 5, 67780, 0.249382166150527, 1, NA, NA, 0.249382166150527, 1, 0.706179736062506, 0.035221726454175, 0.530071103791631, 0.176108632270875, 0.530071103791631, 0.176108632270875, 0.530071103791631, NA
1, 1991, 1, 67780, 0, 0, 0.992948355915505, 0.992948355915505, 0, 0, 67780, 0, 0, 0, 0, 0, 0, 67302.0395639529
1, 1991, 2, 67780, 0.000411645866011168, 0.0063201667885362, 0.625823846452826, 0.625823846452826, 0.000411645866011168, 0.0063201667885362, 477.960436047069, 0.0393500875231343, 3.01954617855752, 0.196750437615671, 3.01954617855752, 0.196750437615671, 3.01954617855752, 297.10620341958
1, 1991, 3, 67780, 0.10544748393698, 0.19959369991117, 0.312075809794695, 0.312075809794695, 0.10544748393698, 0.19959369991117, 177.637936011316, 3.74629468083031, 31.7167288115599, 18.7314734041515, 31.7167288115599, 18.7314734041515, 31.7167288115599, 39.692839171835
1, 1991, 4, 67780, 0.249382166150527, 0.948896315421268, 0.639808898384753, 0.639808898384753, 0.249382166150527, 0.948896315421268, 87.4968946237696, 4.36403302254401, 62.3204066419541, 21.8201651127201, 62.3204066419541, 21.8201651127201, 62.3204066419541, 2.14740523749947
1, 1991, 5, 67780, 0.456706399755944, 1, NA, NA, 0.456706399755944, 1, 1.20891763159591, 0.11042408382553, 0.65679721246826, 0.552120419127651, 0.65679721246826, 0.552120419127651, 0.65679721246826, NA
1, 1992, 1, 67780, 0, 0, 0.992828204055112, 0.992828204055112, 0, 0, 67780, 0, 0, 0, 0, 0, 0, 67293.8956708555
1, 1992, 2, 67780, 0.000287124284988782, 0.00973192849969107, 0.312075809794695, 0.312075809794695, 0.000287124284988782, 0.00973192849969107, 486.104329144509, 0.0279144715871138, 4.7293742664167, 0.139572357935569, 4.7293742664167, 0.139572357935569, 4.7293742664167, 150.181921701838
1, 1992, 3, 67780, 0.10529505376204, 0.290651720999001, 0.639808898384753, 0.639808898384753, 0.10529505376204, 0.290651720999001, 331.053460818319, 6.97165839099487, 86.0896355817209, 34.8582919549743, 86.0896355817209, 34.8582919549743, 86.0896355817209, 134.427389793457
1, 1992, 4, 67780, 0.456706399755944, 0.948896315421268, 0.713071819956078, 0.713071819956078, 0.456706399755944, 0.948896315421268, 75.6781434881671, 6.91253849053891, 39.0142999944435, 34.5626924526945, 39.0142999944435, 34.5626924526945, 39.0142999944435, 1.49827159682922
1, 1992, 5, 67780, 0.193010679601437, 1, NA, NA, 0.193010679601437, 1, 0.602879444199869, 0.0232724342485507, 0.486517272957116, 0.116362171242753, 0.486517272957116, 0.116362171242753, 0.486517272957116, NA
1, 1993, 1, 67780, 0, 0, 0.847246313675086, 0.847246313675086, 0, 0, 67780, 0, 0, 0, 0, 0, 0, 57426.3551408973
1, 1993, 2, 67780, 0.000286685322772096, 0.0057178262314006, 0.639808898384753, 0.639808898384753, 0.000286685322772096, 0.0057178262314006, 10353.6448591027, 0.5936476036599, 59.1833702967811, 2.9682380182995, 59.1833702967811, 2.9682380182995, 59.1833702967811, 6584.58895952053
1, 1993, 3, 67780, 0.210721552898105, 0.182379221258863, 0.713071819956078, 0.713071819956078, 0.210721552898105, 0.182379221258863, 3706.90429126706, 156.224925740089, 533.601416433918, 781.124628700445, 533.601416433918, 781.124628700445, 533.601416433918, 1705.79489562918
1, 1993, 4, 67780, 0.193010679601437, 0.948896315421268, 0.714627048973306, 0.714627048973306, 0.193010679601437, 0.948896315421268, 686.383350503516, 26.495863389559, 525.597496538002, 132.479316947795, 525.597496538002, 132.479316947795, 525.597496538002, 20.2286170156261
1, 1993, 5, 67780, 0.463170837190491, 1, NA, NA, 0.463170837190491, 1, 8.07792000209281, 0.748291394025428, 4.33646303196567, 3.74145697012714, 4.33646303196567, 3.74145697012714, 4.33646303196567, NA
1, 1994, 1, 67780, 0, 0, 0.994077100257246, 0.994077100257246, 0, 0, 67780, 0, 0, 0, 0, 0, 0, 67378.5458554361
1, 1994, 2, 67780, 0.000609638312760841, 0.00512737074533076, 0.713071819956078, 0.713071819956078, 0.000609638312760841, 0.00512737074533076, 401.454144563861, 0.0489483654685517, 2.05714935434285, 0.244741827342759, 2.05714935434285, 0.244741827342759, 2.05714935434285, 284.624223758797
1, 1994, 3, 67780, 0.0798097139345111, 0.165155553897545, 0.714627048973306, 0.714627048973306, 0.0798097139345111, 0.165155553897545, 114.528029623378, 1.828089856345, 17.4053442052477, 9.140449281725, 17.4053442052477, 9.140449281725, 17.4053442052477, 62.8744857722318
1, 1994, 4, 67780, 0.463170837190491, 0.948896315421268, 0.641206108448192, 0.641206108448192, 0.463170837190491, 0.948896315421268, 25.1077503641734, 2.32583555122881, 12.7897678848971, 11.629177756144, 12.7897678848971, 11.629177756144, 12.7897678848971, 0.441665796000377
1, 1994, 5, 67780, 0.307086030147149, 1, NA, NA, 0.307086030147149, 1, 0.247138927131893, 0.0151785824055517, 0.171246015104134, 0.0758929120277585, 0.171246015104134, 0.0758929120277585, 0.171246015104134, NA
1, 1995, 1, 67780, 0, 0, 0.998109923234021, 0.998109923234021, 0, 0, 67780, 0, 0, 0, 0, 0, 0, 67651.8905968019
1, 1995, 2, 67780, 0.000214323040078845, 0.00715452607105982, 0.714627048973306, 0.714627048973306, 0.000214323040078845, 0.00715452607105982, 128.109403198061, 0.00549135935121899, 0.916365624760223, 0.0274567967560949, 0.916365624760223, 0.0274567967560949, 0.916365624760223, 90.8759637213187
1, 1995, 3, 67780, 0.214377428673148, 0.222858562109657, 0.641206108448192, 0.641206108448192, 0.214377428673148, 0.222858562109657, 36.289617055226, 1.55593495836651, 6.3536847386492, 7.77967479183257, 6.3536847386492, 7.77967479183257, 6.3536847386492, 14.2067276652172
1, 1995, 4, 67780, 0.307086030147149, 0.948896315421268, 0.311620317161846, 0.311620317161846, 0.307086030147149, 0.948896315421268, 7.94952985952701, 0.488237913219675, 5.22684380852094, 2.44118956609837, 5.22684380852094, 2.44118956609837, 5.22684380852094, 0.0877200239068816
1, 1995, 5, 67780, 0.526471369007643, 1, NA, NA, 0.526471369007643, 1, 0.193776461000816, 0.0204035517409112, 0.0917587022962603, 0.102017758704556, 0.0917587022962603, 0.102017758704556, 0.0917587022962603, NA
1, 1996, 1, 67780, 0, 0, 0.998160822962767, 0.998160822962767, 0, 0, 67780, 0, 0, 0, 0, 0, 0, 67655.3405804163
1, 1996, 2, 67780, 0.000621595393245244, 0.0175162611688239, 0.641206108448192, 0.641206108448192, 0.000621595393245244, 0.0175162611688239, 124.659419583651, 0.0154975441875647, 2.18220965542392, 0.0774877209378237, 2.18220965542392, 0.0774877209378237, 2.18220965542392, 78.483449551676
1, 1996, 3, 67780, 0.132627364988479, 0.462341157660743, 0.311620317161846, 0.311620317161846, 0.132627364988479, 0.462341157660743, 43.9162726556137, 1.16489990448593, 17.6113944877467, 5.82449952242964, 17.6113944877467, 5.82449952242964, 17.6113944877467, 6.38210208908589
1, 1996, 4, 67780, 0.526471369007643, 0.948896315421268, 0.718562177973642, 0.718562177973642, 0.526471369007643, 0.948896315421268, 14.0982765563515, 1.48446779185414, 6.33477258785224, 7.42233895927072, 6.33477258785224, 7.42233895927072, 6.33477258785224, 0.245148272079638
1, 1996, 5, 67780, 0.314622176458205, 1, NA, NA, 0.314622176458205, 1, 0.0960167371488751, 0.00604179896363889, 0.0658077423306806, 0.0302089948181945, 0.0658077423306806, 0.0302089948181945, 0.0658077423306806, NA
1, 1997, 1, 67780, 0, 0, 0.994191605205206, 0.994191605205206, 0, 0, 67780, 0, 0, 0, 0, 0, 0, 67386.3070008089
1, 1997, 2, 67780, 0.000366613135469485, 0.0096581178848657, 0.311620317161846, 0.311620317161846, 0.000366613135469485, 0.0096581178848657, 393.692999191131, 0.0288666049691692, 3.80093941126564, 0.144333024845846, 3.80093941126564, 0.144333024845846, 3.80093941126564, 121.453310224508
1, 1997, 3, 67780, 0.251693598763826, 0.288792768624602, 0.718562177973642, 0.718562177973642, 0.251693598763826, 0.288792768624602, 268.294416530512, 13.5055974449611, 57.9798929660704, 67.5279872248055, 57.9798929660704, 67.5279872248055, 57.9798929660704, 102.601004537521
1, 1997, 4, 67780, 0.314622176458205, 0.948896315421268, 0.254409659286791, 0.254409659286791, 0.314622176458205, 0.948896315421268, 40.1855318021146, 2.52865189554234, 26.1347607269551, 12.6432594777117, 26.1347607269551, 12.6432594777117, 26.1347607269551, 0.358084545948908
1, 1997, 5, 67780, 0.424013310893054, 1, NA, NA, 0.424013310893054, 1, 1.04942705149892, 0.0889942077293583, 0.604456012852126, 0.444971038646792, 0.604456012852126, 0.444971038646792, 0.604456012852126, NA
1, 1998, 1, 67780, 0, 0, 0.846737615057425, 0.846737615057425, 0, 0, 67780, 0, 0, 0, 0, 0, 0, 57391.8755485923
1, 1998, 2, 67780, 0.000746919288530434, 0.0161445508868462, 0.718562177973642, 0.718562177973642, 0.000746919288530434, 0.0161445508868462, 10388.1244514077, 1.55181810488221, 167.586336792836, 7.75909052441107, 167.586336792836, 7.75909052441107, 167.586336792836, 7338.51673871399
1, 1998, 3, 67780, 0.136298527684756, 0.43534430431855, 0.254409659286791, 0.254409659286791, 0.136298527684756, 0.43534430431855, 2874.2622853765, 78.3515435353278, 1080.74422399292, 391.757717676639, 1080.74422399292, 391.757717676639, 1080.74422399292, 356.621371444218
1, 1998, 4, 67780, 0.424013310893054, 0.948896315421268, 0.636057330809583, 0.636057330809583, 0.424013310893054, 0.948896315421268, 1045.13897226272, 88.6305671944963, 571.222426660497, 443.152835972481, 571.222426660497, 443.152835972481, 571.222426660497, 19.5674830328974
1, 1998, 5, 67780, 0.146882732354003, 1, NA, NA, 0.146882732354003, 1, 11.1962265968487, 0.328906470919941, 9.55169424224904, 1.6445323545997, 9.55169424224904, 1.6445323545997, 9.55169424224904, NA
1, 1999, 1, 67780, 0, 0, 0.998284723829782, 0.998284723829782, 0, 0, 67780, 0, 0, 0, 0, 0, 0, 67663.7385811826
1, 1999, 2, 67780, 0.000377539624875967, 0.0175894578077173, 0.254409659286791, 0.254409659286791, 0.000377539624875967, 0.0175894578077173, 116.261418817376, 0.00877865848957194, 2.04420326173803, 0.0438932924478597, 2.04420326173803, 0.0438932924478597, 2.04420326173803, 29.0467960166191
1, 1999, 3, 67780, 0.192628665839413, 0.463745946980851, 0.636057330809583, 0.636057330809583, 0.192628665839413, 0.463745946980851, 85.1265262465707, 3.27956183568414, 31.8726639815482, 16.3978091784207, 31.8726639815482, 16.3978091784207, 31.8726639815482, 23.4425627504402
1, 1999, 4, 67780, 0.146882732354003, 0.948896315421268, 0.260896342168726, 0.260896342168726, 0.146882732354003, 0.948896315421268, 13.4134903361616, 0.394042022195885, 10.8584864420084, 1.97021011097943, 10.8584864420084, 1.97021011097943, 10.8584864420084, 0.152570558953042
1, 1999, 5, 67780, 0.443409166606081, 1, NA, NA, 0.443409166606081, 1, 0.432223224220707, 0.0383303479278994, 0.24057148458121, 0.191651739639497, 0.24057148458121, 0.191651739639497, 0.24057148458121, NA
1, 2000, 1, 67780, 0, 0, 0.771130050395342, 0.771130050395342, 0, 0, 67780, 0, 0, 0, 0, 0, 0, 52267.1948157963
1, 2000, 2, 67780, 0.000551264470012414, 0.0129943664116561, 0.636057330809583, 0.636057330809583, 0.000551264470012414, 0.0129943664116561, 15512.8051842037, 1.71033166565518, 201.467951254436, 8.55165832827589, 201.467951254436, 8.55165832827589, 201.467951254436, 9733.44894654483
1, 2000, 3, 67780, 0.0597551223643121, 0.368265073726048, 0.260896342168726, 0.260896342168726, 0.0597551223643121, 0.368265073726048, 5569.33662807618, 66.5592783397475, 1928.43487621895, 332.796391698737, 1928.43487621895, 332.796391698737, 1928.43487621895, 863.072587974104
1, 2000, 4, 67780, 0.443409166606081, 0.948896315421268, 0.629803792942271, 0.629803792942271, 0.443409166606081, 0.948896315421268, 2445.03277218438, 216.829988767766, 1291.33670153716, 1084.14994383883, 1291.33670153716, 1084.14994383883, 1291.33670153716, 43.8004144483642
1, 2000, 5, 67780, 0.355104618844118, 1, NA, NA, 0.355104618844118, 1, 25.7457123600195, 1.828484274895, 16.6032909855445, 9.14242137447501, 16.6032909855445, 9.14242137447501, 16.6032909855445, NA
1, 2001, 1, 67780, 0, 0, 0.993760681428015, 0.993760681428015, 0, 0, 67780, 0, 0, 0, 0, 0, 0, 67357.0989871909
1, 2001, 2, 67780, 0.000158772443478061, 0.00521524458643852, 0.260896342168726, 0.260896342168726, 0.000158772443478061, 0.00521524458643852, 422.901012809147, 0.013429005430611, 2.2051820399129, 0.067145027153055, 2.2051820399129, 0.067145027153055, 2.2051820399129, 109.740485521347
1, 2001, 3, 67780, 0.203284345101494, 0.167740990855095, 0.629803792942271, 0.629803792942271, 0.203284345101494, 0.167740990855095, 310.888200220733, 12.6397408363308, 41.5476814899943, 63.1987041816539, 41.5476814899943, 63.1987041816539, 41.5476814899943, 129.828896687016
1, 2001, 4, 67780, 0.355104618844118, 0.948896315421268, 0.465217230779399, 0.465217230779399, 0.355104618844118, 0.948896315421268, 76.3129178620691, 5.41981392205851, 46.6988392738122, 27.0990696102925, 46.6988392738122, 27.0990696102925, 46.6988392738122, 1.17002551211391
1, 2001, 5, 67780, 0.244670256231403, 1, NA, NA, 0.244670256231403, 1, 1.34498346585046, 0.0658154898433265, 1.01590601663383, 0.329077449216632, 1.01590601663383, 0.329077449216632, 1.01590601663383, NA
1, 2002, 1, 67780, 0, 0, 0.780957959639423, 0.780957959639423, 0, 0, 67780, 0, 0, 0, 0, 0, 0, 52933.3305043601
1, 2002, 2, 67780, 0.000585483393854891, 0.00535160297633752, 0.629803792942271, 0.629803792942271, 0.000585483393854891, 0.00535160297633752, 14846.6694956399, 1.73849568874983, 79.4069619680547, 8.69247844374914, 79.4069619680547, 8.69247844374914, 79.4069619680547, 9295.00339918688
1, 2002, 3, 67780, 0.156454891865788, 0.17173755330592, 0.465217230779399, 0.465217230779399, 0.156454891865788, 0.17173755330592, 5463.56665604122, 170.960346074491, 791.498012096494, 854.801730372454, 791.498012096494, 854.801730372454, 791.498012096494, 1775.85834267792
1, 2002, 4, 67780, 0.244670256231403, 0.948896315421268, 0.390926505384046, 0.390926505384046, 0.244670256231403, 0.948896315421268, 2041.40857089436, 99.8943916227409, 1463.13797048071, 499.471958113705, 1463.13797048071, 499.471958113705, 1463.13797048071, 30.8044778633233
1, 2002, 5, 67780, 0.322372855383461, 1, NA, NA, 0.322372855383461, 1, 47.9941644366175, 3.09440316623515, 32.5221486054418, 15.4720158311757, 32.5221486054418, 15.4720158311757, 32.5221486054418, NA
1, 2003, 1, 67780, 0, 0, 0.993203252646964, 0.993203252646964, 0, 0, 67780, 0, 0, 0, 0, 0, 0, 67319.3164644112
1, 2003, 2, 67780, 0.000438368889167817, 0.00458806802032441, 0.465217230779399, 0.465217230779399, 0.000438368889167817, 0.00458806802032441, 460.683535588789, 0.040389865950792, 2.11272083986333, 0.20194932975396, 2.11272083986333, 0.20194932975396, 2.11272083986333, 213.241094245802
1, 2003, 3, 67780, 0.103120842843152, 0.149116368698331, 0.390926505384046, 0.390926505384046, 0.103120842843152, 0.149116368698331, 245.127771173369, 5.05555647353223, 32.783231989076, 25.2777823676612, 32.783231989076, 25.2777823676612, 32.783231989076, 73.1293535158533
1, 2003, 4, 67780, 0.322372855383461, 0.948896315421268, 0.642780170249582, 0.642780170249582, 0.322372855383461, 0.948896315421268, 113.937403300779, 7.34606520740983, 73.2615111399985, 36.7303260370491, 73.2615111399985, 36.7303260370491, 73.2615111399985, 2.53613166474309
1, 2003, 5, 67780, 0.522048750299767, 1, NA, NA, 0.522048750299767, 1, 1.40943445898837, 0.147158699588861, 0.673640961044061, 0.735793497944305, 0.673640961044061, 0.735793497944305, 0.673640961044061, NA
